# Time(s)  Normalized_Flux
0.000000 1.011909
10.000000 1.009146
20.000000 0.995386
30.000000 1.000998
40.000000 0.997506
50.000000 1.009363
60.000000 1.015098
70.000000 1.018464
80.000000 1.018218
90.000000 1.024628
100.000000 1.024719
110.000000 1.030654
120.000000 1.051480
130.000000 1.037517
140.000000 1.034808
150.000000 1.045638
160.000000 1.032301
170.000000 1.049225
180.000000 1.029141
190.000000 1.016212
200.000000 1.028026
210.000000 1.010339
220.000000 1.002556
230.000000 1.008459
240.000000 1.020693
250.000000 1.030407
260.000000 1.014377
270.000000 1.032766
280.000000 1.019318
290.000000 1.034117
300.000000 1.031695
310.000000 1.040457
320.000000 1.020900
330.000000 1.036967
340.000000 1.019891
350.000000 1.022045
360.000000 1.023631
370.000000 1.004813
380.000000 1.015319
390.000000 1.020459
400.000000 1.002657
410.000000 0.999196
420.000000 0.985323
430.000000 0.987189
440.000000 0.976641
450.000000 0.986544
460.000000 0.965027
470.000000 0.957081
480.000000 0.981070
490.000000 0.963948
500.000000 0.975098
510.000000 0.952168
520.000000 0.959600
530.000000 0.969327
540.000000 0.968039
550.000000 0.955277
560.000000 0.957345
570.000000 0.936478
580.000000 0.960504
590.000000 0.949331
600.000000 0.948663
610.000000 0.954567
620.000000 0.963898
630.000000 0.963116
640.000000 0.956281
650.000000 0.957618
660.000000 0.974309
670.000000 0.968566
680.000000 0.969603
690.000000 0.984684
700.000000 0.982450
710.000000 0.976510
720.000000 0.998422
730.000000 1.011178
740.000000 1.033253
750.000000 1.060990
850.000000 1.097947
870.000000 1.072630
880.000000 1.045725
890.000000 1.054184
900.000000 1.034909
910.000000 1.017059
920.000000 1.009009
930.000000 1.004502
940.000000 1.001641
950.000000 0.990945
960.000000 0.991534
970.000000 0.988682
980.000000 0.981049
990.000000 0.984156
1000.000000 0.977780
1010.000000 0.990223
1020.000000 0.966927
1030.000000 0.980360
1040.000000 0.973128
1050.000000 0.976949
1060.000000 0.972617
1070.000000 0.971025
1080.000000 0.976801
1090.000000 0.972304
1100.000000 0.961311
1110.000000 0.970606
1120.000000 0.967870
1130.000000 0.959373
1140.000000 0.975670
1150.000000 0.964429
1160.000000 0.981312
1170.000000 0.981408
1180.000000 0.979838
1190.000000 0.968900
1200.000000 0.973088
1210.000000 0.972237
1220.000000 0.980083
1230.000000 0.989027
1240.000000 0.980494
1250.000000 0.986324
1260.000000 0.979852
1270.000000 0.979373
1280.000000 0.982517
1290.000000 0.980460
1300.000000 0.991551
1310.000000 0.990061
1320.000000 0.994553
1330.000000 1.001223
1340.000000 1.003336
1350.000000 0.977539
1360.000000 0.989025
1370.000000 0.992574
1380.000000 0.991164
1390.000000 0.999007
1400.000000 0.992744
1410.000000 1.020467
1420.000000 1.025923
1430.000000 1.032726
1440.000000 1.030521
1450.000000 1.043698
1460.000000 1.042089
1470.000000 1.040725
1480.000000 1.054130
1490.000000 1.037368
1500.000000 1.042871
1510.000000 1.043116
1520.000000 1.030982
1530.000000 1.060909
1540.000000 1.024613
1550.000000 1.026158
1560.000000 1.023420
1570.000000 1.035328
1580.000000 1.050908
1590.000000 1.038177
1600.000000 1.022908
1610.000000 1.052044
1620.000000 1.040886
1630.000000 1.032106
1640.000000 1.039736
1650.000000 1.023420
1660.000000 1.030821
1670.000000 1.022752
1680.000000 1.030295
1690.000000 1.029241
1700.000000 1.021937
1710.000000 1.004188
1720.000000 1.006719
1730.000000 1.011940
1740.000000 0.985693
1750.000000 0.993703
1760.000000 0.977061
1770.000000 0.984025
1780.000000 0.978557
1790.000000 0.958137
1800.000000 0.961460
1810.000000 0.979844
1820.000000 0.967048
1830.000000 0.952179
1840.000000 0.957994
1850.000000 0.965909
1860.000000 0.953251
1870.000000 0.943777
1880.000000 0.955307
1890.000000 0.941515
1900.000000 0.954215
1910.000000 0.958587
1920.000000 0.943992
1930.000000 0.957931
1940.000000 0.949759
1950.000000 0.960989
1960.000000 0.958980
1970.000000 0.948228
1980.000000 0.945116
1990.000000 0.945857
2000.000000 0.964951
2010.000000 0.959572
2020.000000 0.973909
2030.000000 0.977850
2040.000000 0.971633
2050.000000 0.985119
2060.000000 0.984255
2070.000000 1.007229
2080.000000 1.020089
2090.000000 1.020350
2100.000000 1.056139
2110.000000 1.086922
2120.000000 1.095238
2200.000000 1.097118
2210.000000 1.086795
2220.000000 1.095089
2230.000000 1.090770
2240.000000 1.075660
2250.000000 1.060990
2260.000000 1.045587
2270.000000 1.048860
2280.000000 1.028040
2290.000000 1.025462
2300.000000 1.016944
2310.000000 1.020906
2320.000000 1.009464
2330.000000 0.998395
2340.000000 0.991744
2350.000000 0.989087
2360.000000 0.995877
2370.000000 0.999498
2380.000000 0.990515
2390.000000 0.986757
2400.000000 0.958633
2410.000000 0.963004
2420.000000 0.981200
2430.000000 0.964119
2440.000000 0.966185
2450.000000 0.980541
2460.000000 0.965354
2470.000000 0.969994
2480.000000 0.963578
2490.000000 0.976173
2500.000000 0.966731
2510.000000 0.959273
2520.000000 0.971131
2530.000000 0.974489
2540.000000 0.971829
2550.000000 0.978965
2560.000000 0.979047
2570.000000 0.971658
2580.000000 0.970133
2590.000000 0.967327
2600.000000 0.988528
2610.000000 0.971463
2620.000000 0.981887
2630.000000 0.971153
2640.000000 0.979927
2650.000000 0.965081
2660.000000 0.976632
2670.000000 0.961199
2680.000000 0.956734
2690.000000 0.945957
2700.000000 0.965345
2710.000000 0.982408
2720.000000 0.968757
2730.000000 0.949183
2740.000000 0.972291
2750.000000 0.983702
2760.000000 0.987395
2770.000000 0.991308
2780.000000 0.996747
2790.000000 1.015554
2800.000000 1.034923
2810.000000 1.020749
2820.000000 1.030921
2830.000000 1.053904
2840.000000 1.052646
2850.000000 1.056149
2860.000000 1.036029
2870.000000 1.052023
2880.000000 1.035145
2890.000000 1.039736
2900.000000 1.042848
2910.000000 1.035250
2920.000000 1.046794
2930.000000 1.020817
2940.000000 1.027797
2950.000000 1.042251
2960.000000 1.046162
2970.000000 1.070415
2980.000000 1.050739
2990.000000 1.039092
3000.000000 1.048464
3010.000000 1.051900
3020.000000 1.036548
3030.000000 1.026941
3040.000000 1.008001
3050.000000 1.012954
3060.000000 1.009944
3070.000000 0.997291
3080.000000 0.991939
3090.000000 0.971316
3100.000000 0.996282
3110.000000 1.006096
3120.000000 0.983893
3130.000000 0.987931
3140.000000 0.975450
3150.000000 0.965422
3160.000000 0.977885
3170.000000 0.980579
3180.000000 0.972269
3190.000000 0.972475
3200.000000 0.963325
3210.000000 0.984715
3220.000000 0.970010
3230.000000 0.957469
3240.000000 0.955682
3250.000000 0.964685
3260.000000 0.952862
3270.000000 0.954217
3280.000000 0.980214
3290.000000 0.964268
3300.000000 0.962367
3310.000000 0.963698
3320.000000 0.959419
3330.000000 0.957865
3340.000000 0.957615
3350.000000 0.959824
3360.000000 0.953977
3370.000000 0.958495
3380.000000 0.947582
3390.000000 0.960655
3400.000000 0.957876
3410.000000 0.968431
3420.000000 0.982625
3430.000000 0.993609
3440.000000 1.010221
3450.000000 1.027446
3460.000000 1.038713
3470.000000 1.071693
3480.000000 1.086640
3490.000000 1.098354
3580.000000 1.097274
3590.000000 1.094609
3600.000000 1.083495
3610.000000 1.073495
3620.000000 1.058942
3630.000000 1.029577
3640.000000 1.048366
3650.000000 1.020682
3660.000000 1.022055
3670.000000 1.012309
3680.000000 1.003223
3690.000000 1.004359
3700.000000 0.987469
3710.000000 1.000981
3720.000000 0.990401
3730.000000 0.995038
3740.000000 0.974963
3750.000000 0.983291
3760.000000 0.990075
3770.000000 0.968698
3780.000000 0.974538
3790.000000 0.973777
3800.000000 0.971426
3810.000000 0.967712
3820.000000 0.961825
3830.000000 0.962058
3840.000000 0.981465
3850.000000 0.969846
3860.000000 0.981123
3870.000000 0.991310
3880.000000 0.989066
3890.000000 0.995125
3900.000000 0.996712
3910.000000 0.984295
3920.000000 0.989950
3930.000000 0.990450
3940.000000 0.983298
3950.000000 0.988136
3960.000000 0.995235
3970.000000 0.981689
3980.000000 0.967248
3990.000000 0.985717
4000.000000 0.966455
4010.000000 0.983261
4020.000000 0.976852
4030.000000 0.973435
4040.000000 0.960533
4050.000000 0.964952
4060.000000 0.961165
4070.000000 0.966341
4080.000000 0.967628
4090.000000 0.965709
4100.000000 0.966998
4110.000000 0.965004
4120.000000 0.965047
4130.000000 0.979207
4140.000000 0.973234
4150.000000 0.986302
4160.000000 0.971456
4170.000000 0.984261
4180.000000 0.987331
4190.000000 0.998330
4200.000000 1.019373
4210.000000 1.035430
4220.000000 1.042946
4230.000000 1.044290
4240.000000 1.062563
4250.000000 1.073467
4260.000000 1.092487
4270.000000 1.100886
4290.000000 1.087395
4300.000000 1.080370
4310.000000 1.075320
4320.000000 1.073076
4330.000000 1.062468
4340.000000 1.051469
4350.000000 1.030966
4360.000000 1.039328
4370.000000 1.028850
4380.000000 1.028227
4390.000000 0.993039
4400.000000 0.997610
4410.000000 1.000153
4420.000000 1.000022
4430.000000 0.998330
4440.000000 1.006806
4450.000000 1.000339
4460.000000 0.990025
4470.000000 1.002109
4480.000000 1.011949
4490.000000 1.012996
4500.000000 1.012953
4510.000000 1.016778
4520.000000 0.996450
4530.000000 0.995251
4540.000000 0.988946
4550.000000 0.991092
4560.000000 0.965085
4570.000000 0.975674
4580.000000 0.973833
4590.000000 0.955624
4600.000000 0.964207
4610.000000 0.964073
4620.000000 0.957774
4630.000000 0.966639
4640.000000 0.957523
4650.000000 0.964278
4660.000000 0.965269
4670.000000 0.965164
4680.000000 0.947208
4690.000000 0.965774
4700.000000 0.960021
4710.000000 0.951261
4720.000000 0.957950
4730.000000 0.958105
4740.000000 0.971062
4750.000000 0.965911
4760.000000 0.964277
4770.000000 0.954365
4780.000000 0.961743
4790.000000 0.962816
4800.000000 0.968786
4810.000000 0.968440
4820.000000 0.959740
4830.000000 0.976384
4840.000000 0.968365
4850.000000 0.972577
4860.000000 0.972916
4870.000000 0.991002
4880.000000 1.007409
4890.000000 1.037075
4900.000000 1.033707
4910.000000 1.061493
4920.000000 1.074109
4930.000000 1.078767
4940.000000 1.070672
4950.000000 1.078296
4960.000000 1.074772
4970.000000 1.070422
4980.000000 1.057979
4990.000000 1.057638
5000.000000 1.053670
5010.000000 1.036658
5020.000000 1.041374
5030.000000 1.026513
5040.000000 1.021045
5050.000000 1.026410
5060.000000 1.016730
5070.000000 1.006912
5080.000000 0.995377
5090.000000 1.014975
5100.000000 1.010772
5110.000000 0.990037
5120.000000 0.999944
5130.000000 0.990468
5140.000000 0.994328
5150.000000 0.967314
5160.000000 0.980389
5170.000000 0.986453
5180.000000 0.982338
5190.000000 0.971912
5200.000000 0.976364
5210.000000 0.975091
5220.000000 0.985306
5230.000000 0.975428
5240.000000 0.963925
5250.000000 0.982347
5260.000000 0.962741
5270.000000 0.976132
5280.000000 0.986472
5290.000000 0.972812
5300.000000 0.970545
5310.000000 0.981660
5320.000000 0.991770
5330.000000 0.980360
5340.000000 1.000210
5350.000000 0.984747
5360.000000 0.990455
5370.000000 0.994603
5380.000000 0.988114
5390.000000 0.980751
5400.000000 0.996780
5410.000000 0.999731
5420.000000 0.996981
5430.000000 1.005847
5440.000000 0.993392
5450.000000 1.005376
5460.000000 1.002182
5470.000000 1.003818
5480.000000 1.022776
5490.000000 1.016785
5500.000000 1.013527
5510.000000 1.008341
5520.000000 1.010114
5530.000000 1.021176
5540.000000 1.028346
5550.000000 1.021611
5560.000000 1.057427
5570.000000 1.035273
5580.000000 1.053516
5590.000000 1.058260
5600.000000 1.058108
5610.000000 1.047809
5620.000000 1.048392
5630.000000 1.049136
5640.000000 1.049835
5650.000000 1.044631
5660.000000 1.036368
5670.000000 1.035826
5680.000000 1.025629
5690.000000 1.029939
5700.000000 1.023606
5710.000000 1.024360
5720.000000 1.016700
5730.000000 1.008046
5740.000000 1.010308
5750.000000 1.005711
5760.000000 1.019008
5770.000000 1.014188
5780.000000 1.011168
5790.000000 1.013795
5800.000000 1.010252
5810.000000 1.020521
5820.000000 1.004838
5830.000000 1.008588
5840.000000 1.001999
5850.000000 1.013671
5860.000000 1.009117
5870.000000 1.014335
5880.000000 1.007805
5890.000000 1.005967
5900.000000 0.993587
5910.000000 1.002890
5920.000000 0.995127
5930.000000 0.987288
5940.000000 0.983897
5950.000000 1.000772
5960.000000 0.974699
5970.000000 0.976746
5980.000000 0.962024
5990.000000 0.972904
6000.000000 0.973387
6010.000000 0.974188
6020.000000 0.957019
6030.000000 0.971531
6040.000000 0.968874
6050.000000 0.952442
6070.000000 0.956626
6080.000000 0.955145
6090.000000 0.966818
6100.000000 0.968354
6110.000000 0.957134
6120.000000 0.958303
6130.000000 0.971227
6140.000000 0.948983
6150.000000 0.959202
6160.000000 0.972297
6170.000000 0.960571
6180.000000 0.961903
6190.000000 0.956905
6200.000000 0.956027
6210.000000 0.969794
6230.000000 0.986245
6240.000000 0.992680
6250.000000 0.978323
6260.000000 0.997708
6270.000000 0.995435
6280.000000 1.018938
6290.000000 1.017975
6300.000000 1.030741
6310.000000 1.012630
6320.000000 1.029799
6330.000000 1.033520
6340.000000 1.016613
6350.000000 1.026720
6360.000000 1.021770
6370.000000 1.013213
6380.000000 1.011735
6390.000000 1.012134
6400.000000 1.024803
6410.000000 1.024385
6420.000000 0.999930
6430.000000 1.016524
6440.000000 1.007615
6450.000000 1.012649
6460.000000 0.995344
6470.000000 1.012317
6480.000000 1.002320
6490.000000 1.000272
6500.000000 1.001975
6510.000000 0.997907
6520.000000 1.001003
6530.000000 0.997084
6540.000000 0.990587
6550.000000 0.991591
6560.000000 1.003819
6570.000000 0.995624
6580.000000 0.993075
6590.000000 0.982677
6600.000000 0.980793
6610.000000 0.983825
6620.000000 0.995808
6630.000000 0.980354
6640.000000 1.009506
6650.000000 0.995883
6660.000000 0.995425
6670.000000 0.998268
6680.000000 1.033824
6690.000000 1.024821
6700.000000 1.019827
6710.000000 1.037806
6720.000000 1.023879
6730.000000 1.029075
6740.000000 1.033868
6750.000000 1.040833
6760.000000 1.022111
6770.000000 1.015325
6780.000000 1.024201
6790.000000 1.022431
6800.000000 1.014251
6810.000000 1.026701
6820.000000 1.014173
6830.000000 1.009247
6840.000000 1.014418
6850.000000 1.017178
6860.000000 1.018043
6870.000000 0.998688
6880.000000 1.019921
6890.000000 1.016234
6900.000000 1.010058
6910.000000 1.007512
6920.000000 1.002910
6930.000000 1.005892
6940.000000 1.015560
6950.000000 1.018943
6960.000000 1.005971
6970.000000 1.019665
6980.000000 1.006164
6990.000000 1.008160
7000.000000 0.993929
7010.000000 0.998993
7020.000000 1.008887
7030.000000 1.008269
7040.000000 1.010941
7050.000000 0.993549
7060.000000 0.997205
7070.000000 1.012129
7080.000000 1.006658
7090.000000 1.005248
7100.000000 0.998373
7110.000000 0.998945
7120.000000 1.020548
7130.000000 1.010756
7140.000000 1.006444
7150.000000 1.020976
7160.000000 1.019078
7170.000000 1.010992
7180.000000 1.011507
7190.000000 1.009200
7200.000000 1.032234
7210.000000 1.017783
7220.000000 1.003541
7230.000000 1.020752
7240.000000 1.014501
7250.000000 1.007204
7260.000000 0.993839
7270.000000 0.991536
7280.000000 1.008299
7290.000000 0.987945
7320.000000 0.992161
7340.000000 0.997631
7350.000000 0.975857
7360.000000 0.988985
7370.000000 0.991939
7380.000000 0.984119
7390.000000 0.986560
7400.000000 0.987493
7410.000000 0.984141
7420.000000 0.975797
7430.000000 0.982749
7460.000000 0.970375
7470.000000 0.970529
7480.000000 0.965414
7490.000000 0.966333
7500.000000 0.971563
7510.000000 0.973605
7520.000000 0.983162
7530.000000 0.980284
7540.000000 0.984753
7550.000000 0.986307
7560.000000 0.985242
7570.000000 0.991826
7580.000000 0.990413
7590.000000 0.997693
7600.000000 0.986843
7610.000000 0.994590
7620.000000 1.003948
7630.000000 1.027144
7640.000000 1.020708
7650.000000 1.047005
7660.000000 1.053469
7670.000000 1.049698
7690.000000 1.047683
7700.000000 1.042757
7710.000000 1.043353
7720.000000 1.037313
7730.000000 1.037571
7740.000000 1.025243
7750.000000 1.005558
7760.000000 1.019098
7770.000000 1.016396
7780.000000 1.008793
7790.000000 1.006792
7800.000000 0.993651
7810.000000 0.974353
7820.000000 0.990036
7830.000000 0.978172
7840.000000 0.985672
7850.000000 0.971915
7860.000000 0.968905
7870.000000 0.983343
7880.000000 0.968761
7890.000000 0.975706
7900.000000 0.963240
7910.000000 0.981749
7920.000000 0.979026
7930.000000 0.973967
7940.000000 0.986034
7950.000000 0.984715
7960.000000 0.986138
7970.000000 0.989951
7980.000000 0.980722
7990.000000 1.004160
8000.000000 1.016280
8010.000000 1.003445
8020.000000 1.031846
8030.000000 1.028972
8040.000000 1.038779
8050.000000 1.047836
8060.000000 1.053607
8080.000000 1.067219
8090.000000 1.074138
8100.000000 1.074036
8110.000000 1.074531
8120.000000 1.061831
8130.000000 1.069016
8140.000000 1.057562
8150.000000 1.042942
8160.000000 1.052865
8170.000000 1.028574
8180.000000 1.035981
8190.000000 1.012851
8200.000000 1.019305
8210.000000 1.009648
8220.000000 1.005450
8230.000000 0.993237
8240.000000 0.993328
8250.000000 0.992562
8260.000000 0.988614
8270.000000 0.999919
8280.000000 0.993197
8290.000000 0.999510
8300.000000 1.007348
8310.000000 0.997629
8320.000000 1.000152
8330.000000 1.006258
8340.000000 0.998673
8350.000000 0.987536
8360.000000 0.992050
8370.000000 0.980391
8380.000000 0.998928
8390.000000 0.978346
8400.000000 0.970171
8410.000000 0.975898
8420.000000 0.986249
8430.000000 0.975886
8440.000000 0.973216
8450.000000 0.986917
8460.000000 0.976616
8470.000000 0.983641
8480.000000 0.983438
8490.000000 0.981990
8500.000000 0.986181
8510.000000 0.987973
8520.000000 0.974929
8530.000000 1.007311
8540.000000 0.993920
8550.000000 0.995109
8560.000000 0.983916
8570.000000 0.993948
8580.000000 1.011288
8590.000000 0.994441
8600.000000 1.010714
8610.000000 1.025827
8620.000000 1.031269
8630.000000 1.024609
8640.000000 1.018554
8650.000000 1.009770
8660.000000 1.009848
8670.000000 1.006134
8680.000000 1.029032
8690.000000 1.009499
8700.000000 1.004197
8710.000000 1.004460
8720.000000 1.002761
8730.000000 0.994514
8740.000000 1.001807
8750.000000 0.987197
8760.000000 1.004472
8770.000000 0.988410
8780.000000 0.993530
8790.000000 0.991832
8800.000000 0.990388
8810.000000 0.990506
8820.000000 1.000364
8830.000000 1.006269
8840.000000 1.003581
8850.000000 1.025964
8860.000000 1.021043
8870.000000 1.011497
8880.000000 1.008912
8890.000000 1.013515
8900.000000 1.018395
8910.000000 1.033705
8920.000000 1.029205
8930.000000 1.028177
8940.000000 1.038207
8950.000000 1.034423
8960.000000 1.048343
8970.000000 1.066453
8980.000000 1.077899
8990.000000 1.058953
9000.000000 1.058632
9010.000000 1.076909
9020.000000 1.065598
9030.000000 1.059025
9040.000000 1.044398
9050.000000 1.043897
9060.000000 1.039316
9070.000000 1.029175
9080.000000 1.016011
9090.000000 1.007074
9100.000000 0.992730
9110.000000 1.009743
9130.000000 0.989148
9150.000000 0.980357
9160.000000 1.002107
9170.000000 0.965134
9180.000000 0.989311
9190.000000 0.973172
9200.000000 0.964996
9210.000000 0.946424
9220.000000 0.966021
9230.000000 0.964741
9240.000000 0.967269
9250.000000 0.967593
9260.000000 0.978239
9270.000000 0.973030
9280.000000 0.963744
9290.000000 0.958359
9300.000000 0.965794
9310.000000 0.967219
9320.000000 0.959218
9330.000000 0.961716
9340.000000 0.992710
9350.000000 0.996588
9360.000000 1.005768
9370.000000 0.997477
9380.000000 1.006860
9390.000000 1.030492
9400.000000 1.040705
9410.000000 1.046262
9420.000000 1.047187
9430.000000 1.055391
9440.000000 1.055074
9450.000000 1.059017
9460.000000 1.056582
9470.000000 1.035783
9480.000000 1.065913
9490.000000 1.042551
9500.000000 1.053554
9510.000000 1.054267
9520.000000 1.036876
9530.000000 1.038111
9540.000000 1.015185
9550.000000 1.031757
9560.000000 1.041078
9570.000000 1.003134
9580.000000 1.030268
9590.000000 1.020332
9600.000000 1.011423
9610.000000 1.016837
9630.000000 1.025783
9640.000000 1.026422
9650.000000 1.002140
9660.000000 1.013745
9670.000000 1.019712
9680.000000 1.003934
9690.000000 0.993380
9700.000000 1.012763
9710.000000 1.002487
9720.000000 0.986192
9730.000000 0.980935
9740.000000 0.972323
9750.000000 0.969071
9760.000000 0.990228
9770.000000 0.983698
9780.000000 0.980178
9790.000000 0.991054
9800.000000 0.987168
9810.000000 0.984107
9820.000000 0.987336
9830.000000 0.983911
9840.000000 0.971871
9850.000000 0.988092
9860.000000 0.981577
9870.000000 0.997985
9880.000000 0.998011
9890.000000 1.015341
9900.000000 0.999808
9910.000000 1.000270
9920.000000 1.008202
9930.000000 1.007178
9940.000000 1.032020
9970.000000 1.030011
9980.000000 1.013907
9990.000000 1.017071
10000.000000 1.005161
10010.000000 1.006890
10020.000000 0.979174
10030.000000 0.992685
10040.000000 1.005593
10050.000000 0.984807
10060.000000 0.989363
10070.000000 0.995501
10080.000000 1.006706
10090.000000 0.982680
10100.000000 1.004709
10110.000000 1.007979
10120.000000 0.976395
10130.000000 0.993148
10140.000000 0.992567
10150.000000 0.993884
10160.000000 1.022973
10170.000000 1.013454
10180.000000 1.018833
10190.000000 1.015053
10200.000000 1.030385
10210.000000 1.020048
10220.000000 1.035758
10230.000000 1.053897
10240.000000 1.053819
10260.000000 1.063490
10270.000000 1.066674
10280.000000 1.075819
10290.000000 1.063919
10310.000000 1.081096
10340.000000 1.062615
10360.000000 1.054855
10370.000000 1.048078
10380.000000 1.037617
10390.000000 1.034062
10420.000000 1.012068
10430.000000 1.009206
10440.000000 1.007154
10450.000000 0.999928
10460.000000 0.982970
10470.000000 0.989630
10480.000000 0.991615
10490.000000 0.977955
10540.000000 0.967541
10550.000000 0.970725
10560.000000 0.974371
10570.000000 0.958492
10580.000000 0.961454
10590.000000 0.963598
10600.000000 0.966891
10610.000000 0.945492
10620.000000 0.979380
10630.000000 0.963420
10640.000000 0.965561
10650.000000 0.976527
10660.000000 0.984450
10670.000000 0.983231
10680.000000 0.989232
10690.000000 0.986468
10700.000000 0.977530
10710.000000 0.981382
10720.000000 0.984121
10730.000000 0.993201
10740.000000 0.985358
10750.000000 1.010189
10760.000000 0.993300
10770.000000 1.002542
10780.000000 1.014537
10790.000000 1.032080
10800.000000 1.047205
10810.000000 1.035479
10820.000000 1.047612
10830.000000 1.053353
10840.000000 1.046613
10850.000000 1.070943
10860.000000 1.067481
10870.000000 1.063041
10880.000000 1.054118
10890.000000 1.062412
10900.000000 1.058154
10910.000000 1.055650
10920.000000 1.054269
10930.000000 1.042260
10940.000000 1.047408
10950.000000 1.024800
10960.000000 1.018375
10970.000000 1.029887
10980.000000 1.038521
10990.000000 1.024532
11000.000000 1.024394
11010.000000 1.029040
11020.000000 1.027394
11030.000000 1.002309
11050.000000 0.997547
11060.000000 0.998175
11070.000000 1.010222
11080.000000 0.995878
11090.000000 0.999324
11100.000000 0.984453
11110.000000 0.985211
11120.000000 0.991977
11130.000000 0.994433
11140.000000 0.971788
11150.000000 0.990436
11160.000000 0.989148
11170.000000 0.979112
11180.000000 0.993071
11190.000000 0.979850
11200.000000 0.981641
11210.000000 0.988361
11220.000000 0.983983
11230.000000 0.991077
11240.000000 0.980894
11250.000000 0.983381
11260.000000 0.979743
11280.000000 0.989902
11290.000000 0.982312
11300.000000 0.972658
11310.000000 0.980538
11320.000000 0.982864
11330.000000 0.990049
11340.000000 0.970424
11350.000000 0.990645
11360.000000 0.987102
11370.000000 0.985669
11380.000000 0.998215
11390.000000 0.990458
11400.000000 0.993343
11410.000000 0.991214
11430.000000 0.998918
11440.000000 0.997695
11460.000000 1.014408
11470.000000 1.018075
11480.000000 1.004949
11490.000000 1.010893
11500.000000 1.009083
11520.000000 1.019193
11530.000000 1.007347
11540.000000 1.041281
11550.000000 1.026432
11560.000000 1.024041
11570.000000 1.045572
11580.000000 1.031860
11590.000000 1.032833
11600.000000 1.036317
11610.000000 1.036220
11620.000000 1.047775
11630.000000 1.040856
11640.000000 1.033455
11650.000000 1.040363
11660.000000 1.044622
11670.000000 1.044896
11680.000000 1.044150
11690.000000 1.046126
11700.000000 1.015735
11710.000000 1.034473
11720.000000 1.006501
11730.000000 1.017171
11740.000000 1.024196
11750.000000 1.023308
11760.000000 1.011247
11770.000000 0.992132
11780.000000 1.001624
11790.000000 0.998759
11800.000000 0.982364
11820.000000 0.984092
11830.000000 0.991244
11840.000000 0.982166
11850.000000 0.983778
11860.000000 0.985516
11870.000000 0.977748
11880.000000 0.968253
11890.000000 0.976825
11900.000000 0.971466
11910.000000 0.985573
11920.000000 0.987357
11930.000000 0.981028
11940.000000 0.966356
11950.000000 0.978763
11960.000000 0.977537
11970.000000 0.984860
11980.000000 0.976206
11990.000000 0.965389
12000.000000 0.976903
12010.000000 0.981899
12020.000000 0.977660
12030.000000 0.977952
12040.000000 0.963910
12050.000000 0.989208
12060.000000 0.995306
12070.000000 0.981910
12080.000000 1.000515
12090.000000 0.983463
12100.000000 0.997160
12110.000000 0.994499
12120.000000 1.005427
12130.000000 1.021992
12140.000000 1.028159
12150.000000 1.021490
12160.000000 1.040910
12170.000000 1.055809
12180.000000 1.035085
12190.000000 1.060395
12200.000000 1.039619
12210.000000 1.051101
12220.000000 1.043619
12230.000000 1.040558
12240.000000 1.047707
12250.000000 1.040107
12260.000000 1.074922
12270.000000 1.067335
12280.000000 1.074070
12290.000000 1.077312
12300.000000 1.076810
12310.000000 1.070505
12320.000000 1.084949
12330.000000 1.058171
12340.000000 1.046834
12350.000000 1.045005
12360.000000 1.028919
12370.000000 1.031918
12380.000000 1.022144
12390.000000 1.003226
12400.000000 1.015234
12410.000000 1.006478
12420.000000 0.995249
12430.000000 0.989937
12440.000000 1.009775
12450.000000 1.001830
12460.000000 0.977986
12470.000000 0.988301
12480.000000 0.981359
12490.000000 0.989183
12500.000000 0.986888
12510.000000 0.969606
12520.000000 0.999789
12530.000000 0.994143
12540.000000 0.970962
12550.000000 0.990433
12560.000000 0.957644
12570.000000 0.977202
12580.000000 0.968173
12590.000000 0.958993
12610.000000 0.969044
12620.000000 0.968631
12630.000000 0.975624
12640.000000 0.969583
12650.000000 0.972186
12660.000000 0.981068
12670.000000 0.983205
12680.000000 0.973960
12690.000000 0.957732
12700.000000 0.998887
12710.000000 0.967956
12720.000000 0.978359
12730.000000 0.998602
12740.000000 0.986224
12750.000000 0.991318
12760.000000 1.005842
12770.000000 0.981017
12780.000000 1.006810
12790.000000 1.000431
12800.000000 1.000182
12810.000000 1.028484
12820.000000 1.019768
12830.000000 1.027854
12840.000000 1.012592
12850.000000 1.002509
12860.000000 1.013233
12870.000000 1.005662
12880.000000 1.006029
12890.000000 1.014795
12900.000000 0.988044
12910.000000 1.002438
12920.000000 1.026310
12930.000000 1.018692
12940.000000 1.022893
12950.000000 1.030649
12960.000000 1.044124
12970.000000 1.055468
12980.000000 1.054592
12990.000000 1.059392
13000.000000 1.042132
13010.000000 1.042760
13020.000000 1.057299
13030.000000 1.039405
13040.000000 1.050329
13050.000000 1.052523
13060.000000 1.030282
13070.000000 1.044032
13080.000000 1.049084
13090.000000 1.046472
13100.000000 1.047958
13110.000000 1.033990
13120.000000 1.027937
13130.000000 1.023816
13140.000000 1.013522
13150.000000 1.024158
13160.000000 1.005551
13170.000000 0.973893
13180.000000 1.009252
13190.000000 0.976435
13200.000000 0.976744
13210.000000 0.986661
13220.000000 0.985575
13230.000000 0.987165
13240.000000 0.979268
13250.000000 0.968582
13260.000000 0.976838
13270.000000 0.963004
13280.000000 0.984334
13290.000000 0.986033
13300.000000 0.974983
13310.000000 0.963841
13320.000000 0.955868
13330.000000 0.964855
13340.000000 0.973610
13350.000000 0.955150
13360.000000 0.968349
13370.000000 0.976448
13380.000000 0.971137
13390.000000 0.968860
13400.000000 0.973196
13410.000000 0.943165
13420.000000 0.972322
13430.000000 0.986562
13440.000000 0.977945
13450.000000 0.986204
13460.000000 0.998335
13470.000000 0.982396
13480.000000 0.994208
13490.000000 0.988528
13500.000000 0.999078
13510.000000 0.999599
13520.000000 1.003143
13530.000000 0.999646
13540.000000 1.009007
13550.000000 1.023118
13560.000000 1.027079
13570.000000 1.046796
13580.000000 1.044869
13590.000000 1.076552
13600.000000 1.087428
13610.000000 1.096787
13620.000000 1.095668
13640.000000 1.082337
13650.000000 1.081622
13660.000000 1.091788
13670.000000 1.094462
13680.000000 1.092911
13690.000000 1.072759
13700.000000 1.077322
13710.000000 1.054343
13720.000000 1.042806
13730.000000 1.038170
13740.000000 1.028338
13750.000000 1.036192
13760.000000 1.010209
13770.000000 1.012814
13780.000000 1.013704
13790.000000 1.006402
13800.000000 1.005659
13810.000000 0.985945
13820.000000 0.992354
13830.000000 0.993078
13840.000000 0.977127
13850.000000 0.963655
13860.000000 0.967478
13870.000000 0.964837
13880.000000 0.969242
13890.000000 0.967352
13900.000000 0.969113
13910.000000 0.968893
13920.000000 0.972505
13930.000000 0.966250
13940.000000 0.950004
13950.000000 0.973567
13960.000000 0.979048
13970.000000 0.972102
13980.000000 0.962895
13990.000000 0.972494
14000.000000 0.990428
14010.000000 0.985613
14020.000000 1.001266
14030.000000 1.007531
14040.000000 1.012660
14050.000000 1.003236
14060.000000 1.002231
14070.000000 0.995640
14080.000000 0.983826
14090.000000 0.990101
14100.000000 1.009826
14110.000000 0.992493
14120.000000 0.985461
14130.000000 0.995302
14140.000000 0.982818
14150.000000 0.984514
14160.000000 0.987600
14170.000000 0.995631
14180.000000 1.003193
14190.000000 0.984154
14200.000000 0.993632
14210.000000 0.994229
14220.000000 0.997216
14230.000000 0.999665
14240.000000 1.004202
14250.000000 0.998287
14260.000000 1.019850
14270.000000 0.992994
14280.000000 1.017344
14290.000000 1.012252
14300.000000 1.029359
14310.000000 1.033277
14320.000000 1.049579
14330.000000 1.052074
14340.000000 1.057717
14350.000000 1.070884
14360.000000 1.061232
14370.000000 1.062227
14380.000000 1.062405
14390.000000 1.058954
14400.000000 1.050371
14410.000000 1.056975
14420.000000 1.036979
14430.000000 1.036138
14440.000000 1.031935
14450.000000 1.041240
14460.000000 1.021875
14470.000000 1.014009
14480.000000 1.013536
14490.000000 1.027787
14500.000000 0.991848
14510.000000 1.015917
14520.000000 0.999343
14530.000000 1.009572
14540.000000 1.006597
14550.000000 0.994074
14560.000000 1.004569
14570.000000 0.994260
14580.000000 0.991448
14590.000000 0.989801
14600.000000 0.998107
14610.000000 0.991302
14620.000000 0.977173
14630.000000 0.990815
14640.000000 0.970481
14650.000000 0.979245
14660.000000 0.959828
14670.000000 0.962887
14680.000000 0.956895
14690.000000 0.966218
14700.000000 0.964530
14710.000000 0.932308
14720.000000 0.942243
14730.000000 0.941132
14740.000000 0.944762
14750.000000 0.959614
14760.000000 0.959598
14770.000000 0.951122
14780.000000 0.956512
14790.000000 0.945765
14800.000000 0.962589
14810.000000 0.948922
14820.000000 0.962568
14830.000000 0.971552
14840.000000 0.968341
14850.000000 0.961286
14860.000000 0.986392
14870.000000 0.954269
14880.000000 0.980358
14890.000000 0.995623
14900.000000 0.979845
14910.000000 1.004485
14920.000000 1.027703
14930.000000 1.049837
14940.000000 1.078630
14950.000000 1.084317
15040.000000 1.088723
15050.000000 1.078060
15060.000000 1.088605
15070.000000 1.062595
15080.000000 1.058913
15090.000000 1.062057
15100.000000 1.034023
15110.000000 1.043635
15120.000000 1.021486
15130.000000 1.010748
15140.000000 1.000403
15150.000000 1.026347
15160.000000 0.992762
15170.000000 1.002444
15180.000000 0.983577
15190.000000 0.973328
15200.000000 0.982121
15210.000000 0.968240
15220.000000 0.963262
15230.000000 0.971929
15240.000000 0.968047
15250.000000 0.976181
15260.000000 0.973785
15270.000000 0.971848
15280.000000 0.962216
15290.000000 0.971850
15300.000000 0.971401
15310.000000 0.972926
15320.000000 0.955145
15330.000000 0.951653
15340.000000 0.968265
15350.000000 0.975035
15360.000000 0.972769
15370.000000 0.992365
15380.000000 1.011113
15390.000000 1.000864
15400.000000 1.003995
15410.000000 1.026197
15420.000000 1.000723
15430.000000 1.015988
15440.000000 0.992651
15450.000000 1.011238
15460.000000 1.001427
15470.000000 0.989518
15480.000000 0.992827
15490.000000 0.981329
15500.000000 1.005798
15510.000000 1.003172
15520.000000 0.991423
15530.000000 0.991350
15540.000000 0.993045
15550.000000 0.985786
15560.000000 0.986400
15570.000000 0.978165
15580.000000 0.968326
15590.000000 0.974245
15600.000000 0.971135
15610.000000 0.978177
15620.000000 0.970488
15630.000000 0.971939
15640.000000 0.983852
15650.000000 0.958462
15660.000000 0.988180
15670.000000 0.968835
15680.000000 0.958677
15690.000000 0.985053
15700.000000 0.981462
15710.000000 0.993303
15720.000000 1.000888
15730.000000 1.036107
15740.000000 1.040407
15750.000000 1.042102
15760.000000 1.053260
15770.000000 1.044345
15780.000000 1.046184
15790.000000 1.028672
15800.000000 1.026681
15810.000000 1.022876
15820.000000 1.030385
15830.000000 1.014678
15840.000000 1.000381
15850.000000 1.006534
15860.000000 0.991581
15870.000000 1.000192
15880.000000 1.021410
15890.000000 1.004240
15900.000000 0.990263
15910.000000 0.998598
15920.000000 1.004383
15930.000000 0.989957
15940.000000 0.989886
15950.000000 0.983826
15960.000000 0.973502
15970.000000 0.998231
15980.000000 0.965338
15990.000000 0.995859
16000.000000 0.969267
16010.000000 0.980360
16020.000000 0.981935
16030.000000 0.985949
16040.000000 0.964004
16050.000000 0.975256
16060.000000 0.973820
16070.000000 0.973232
16080.000000 0.959623
16090.000000 0.963471
16100.000000 0.972826
16110.000000 0.963015
16120.000000 0.963975
16130.000000 0.953650
16140.000000 0.978249
16150.000000 0.975738
16160.000000 0.964699
16170.000000 0.993014
16180.000000 1.000642
16190.000000 0.982251
16200.000000 1.004780
16210.000000 0.993700
16220.000000 0.996003
16230.000000 0.995316
16240.000000 1.027736
16250.000000 1.045174
16260.000000 1.034921
16270.000000 1.027676
16280.000000 1.057640
16290.000000 1.054882
16300.000000 1.049455
16310.000000 1.046724
16320.000000 1.047736
16330.000000 1.068855
16340.000000 1.046266
16350.000000 1.048255
16360.000000 1.060040
16370.000000 1.087059
16380.000000 1.064517
16390.000000 1.064653
16400.000000 1.049259
16410.000000 1.077468
16420.000000 1.055582
16430.000000 1.030020
16440.000000 1.032519
16450.000000 1.055719
16460.000000 1.023129
16470.000000 1.028043
16480.000000 0.994958
16490.000000 1.094126
16500.000000 1.005822
16510.000000 0.999221
16520.000000 0.977417
16530.000000 0.971202
16540.000000 0.981262
16550.000000 0.972308
16560.000000 0.970368
16570.000000 0.968814
16580.000000 0.988916
16590.000000 0.996167
16600.000000 0.984532
16610.000000 0.991416
16620.000000 0.955354
16630.000000 0.987388
16640.000000 0.963804
16650.000000 0.976615
16660.000000 0.977680
16670.000000 0.976379
16680.000000 0.971189
16690.000000 0.970051
16700.000000 0.983531
16710.000000 1.005023
16720.000000 0.987819
16730.000000 1.005731
16740.000000 0.994740
16750.000000 0.991636
16760.000000 0.993004
16770.000000 1.001722
16780.000000 0.989851
16790.000000 1.012684
16800.000000 1.016713
16810.000000 0.978565
16820.000000 0.992826
16830.000000 0.994387
16840.000000 0.986027
16850.000000 1.013615
16860.000000 1.000617
16870.000000 0.988818
16880.000000 0.968631
16890.000000 0.973988
16900.000000 0.967861
16910.000000 0.977505
16920.000000 0.982796
16930.000000 0.960004
16940.000000 0.957026
16950.000000 0.959822
16960.000000 0.971353
16970.000000 0.983648
16980.000000 0.955285
16990.000000 0.975273
17000.000000 0.966853
17010.000000 0.968570
17020.000000 0.951128
17030.000000 0.980723
17040.000000 0.945068
17050.000000 0.986440
17060.000000 0.993634
17070.000000 0.979226
17080.000000 0.982512
17090.000000 0.993375
17100.000000 1.008165
17110.000000 1.035159
17120.000000 1.040635
17130.000000 1.029071
17140.000000 1.047192
17150.000000 1.031593
17160.000000 1.020791
17170.000000 1.040820
17180.000000 1.020551
17190.000000 1.005035
17200.000000 1.038472
17210.000000 1.014346
17220.000000 1.012226
17230.000000 0.997394
17240.000000 0.985647
17250.000000 0.994874
17260.000000 0.994497
17270.000000 0.992253
17280.000000 0.976166
17290.000000 0.994652
17300.000000 0.982176
17310.000000 0.983055
17320.000000 0.982250
17330.000000 0.979431
17340.000000 0.934203
17350.000000 0.998395
17360.000000 0.971403
17370.000000 0.970081
17380.000000 0.952106
17390.000000 0.966635
17400.000000 0.956655
17410.000000 0.938708
17420.000000 0.950623
17430.000000 0.985854
17440.000000 0.976698
17450.000000 0.970483
17460.000000 0.941465
17470.000000 0.980680
17480.000000 0.984754
17490.000000 0.970248
17500.000000 0.975189
17510.000000 0.976037
17520.000000 0.979267
17530.000000 0.984315
17540.000000 0.977642
17550.000000 0.996454
17560.000000 0.977684
17570.000000 0.985432
17580.000000 0.989008
17590.000000 0.987864
17600.000000 0.977905
17610.000000 0.990529
17620.000000 0.975476
17630.000000 0.988839
17640.000000 1.011828
17650.000000 0.976033
17660.000000 0.999971
17670.000000 1.004248
17680.000000 0.995055
17690.000000 1.007589
17700.000000 1.006983
17710.000000 1.002746
17720.000000 0.989662
17730.000000 1.024439
17740.000000 1.010678
17750.000000 1.017352
17760.000000 1.003343
17770.000000 1.009106
17780.000000 1.009652
17790.000000 1.016749
17800.000000 1.008041
17810.000000 1.011320
17820.000000 0.996292
17830.000000 1.012772
17840.000000 1.006050
17850.000000 0.992073
17860.000000 0.975304
17870.000000 0.988796
17880.000000 0.972314
17890.000000 0.958201
17900.000000 0.974829
17910.000000 0.977542
17920.000000 0.947003
17930.000000 0.970976
17940.000000 0.950805
17950.000000 0.982385
17960.000000 0.973980
17970.000000 0.948190
17980.000000 0.970843
17990.000000 0.975840
18000.000000 0.979995
18010.000000 0.995976
18020.000000 0.998090
18030.000000 0.973309
18040.000000 1.002938
18050.000000 0.997175
18060.000000 1.005187
18070.000000 0.999262
18080.000000 1.028341
18090.000000 1.019764
18100.000000 1.038874
18110.000000 1.045838
18120.000000 1.025497
18130.000000 1.028572
18140.000000 1.025177
18150.000000 1.014560
18160.000000 1.011923
18170.000000 1.008826
18180.000000 1.021557
18190.000000 1.021712
18200.000000 1.021515
18210.000000 1.024976
18220.000000 0.996368
18230.000000 0.975762
18240.000000 1.008759
18250.000000 1.002320
18260.000000 0.995802
18270.000000 0.987502
18280.000000 0.981985
18290.000000 0.987831
18300.000000 0.993612
18310.000000 0.974408
18320.000000 0.972669
18330.000000 0.972035
18340.000000 0.962617
18350.000000 0.977870
18360.000000 0.993516
18370.000000 0.975611
18380.000000 0.976375
18390.000000 1.015362
18400.000000 0.991141
18410.000000 1.007371
18420.000000 1.005946
18430.000000 0.987562
18440.000000 0.979050
18450.000000 1.011882
18460.000000 1.008561
18470.000000 1.002391
18480.000000 1.004830
18490.000000 1.024868
18500.000000 1.025292
18510.000000 0.979266
18520.000000 1.035019
18530.000000 0.988350
18540.000000 1.007897
18560.000000 1.005419
18570.000000 1.010702
18580.000000 1.008625
18590.000000 0.989738
18600.000000 0.995561
18610.000000 0.996246
18620.000000 1.006578
18630.000000 0.995321
18640.000000 0.968677
18650.000000 0.971246
18660.000000 0.964990
18670.000000 0.967776
18680.000000 0.974720
18690.000000 0.969449
18700.000000 0.962995
18710.000000 0.986490
18720.000000 0.972312
18730.000000 0.964636
18740.000000 0.968878
18750.000000 0.981806
18760.000000 0.965850
18780.000000 0.973334
18790.000000 0.979248
18800.000000 0.962967
18810.000000 0.985839
18820.000000 0.988905
18830.000000 0.990693
18840.000000 0.996169
18850.000000 0.993167
18860.000000 0.974078
18870.000000 0.992753
18880.000000 0.997625
18890.000000 0.997047
18900.000000 1.000628
18910.000000 1.012940
18920.000000 1.000619
18930.000000 1.011401
18940.000000 1.018074
18950.000000 1.017113
18960.000000 1.016809
18970.000000 1.014849
18980.000000 1.008833
18990.000000 1.010150
19000.000000 0.999695
19010.000000 0.997556
19020.000000 0.983082
19030.000000 0.971070
19040.000000 0.989617
19050.000000 0.994118
19060.000000 1.007951
19070.000000 0.967883
19080.000000 0.972081
19090.000000 0.976835
19100.000000 0.985410
19110.000000 0.982618
19120.000000 0.974340
19130.000000 0.977065
19140.000000 0.981051
19150.000000 0.973661
19160.000000 0.978660
19170.000000 0.975184
19180.000000 0.960290
19190.000000 0.989490
19200.000000 0.966375
19210.000000 0.972934
19220.000000 0.966886
19230.000000 0.954465
19240.000000 0.940843
19250.000000 0.951057
19260.000000 0.950212
19270.000000 0.960509
19280.000000 0.941406
19290.000000 0.960548
19300.000000 0.949303
19310.000000 0.951787
19320.000000 0.962836
19330.000000 0.955321
19340.000000 0.955623
19350.000000 0.947125
19360.000000 0.960525
19370.000000 0.976140
19380.000000 0.983159
19390.000000 0.973332
19400.000000 0.963476
19410.000000 0.973578
19420.000000 0.997069
19430.000000 0.958831
19440.000000 1.025349
19450.000000 0.995838
19460.000000 1.076178
19470.000000 1.034250
19480.000000 1.059208
19490.000000 1.052008
19500.000000 1.023584
19510.000000 1.020204
19520.000000 1.038048
19530.000000 1.009937
19540.000000 1.003647
19550.000000 1.004755
19560.000000 1.026764
19570.000000 1.049018
19580.000000 1.006237
19590.000000 1.010177
19600.000000 1.025683
19610.000000 1.001530
19620.000000 1.011694
19630.000000 1.004446
19640.000000 1.015653
19650.000000 1.029704
19660.000000 1.000373
19670.000000 1.025126
19680.000000 0.996497
19690.000000 1.003960
19700.000000 0.994997
19710.000000 1.000305
19720.000000 0.998759
19730.000000 1.014701
19740.000000 0.962285
19750.000000 0.999356
19760.000000 0.990544
19770.000000 0.978259
19780.000000 0.980663
19790.000000 0.988105
19800.000000 0.977476
19810.000000 0.949991
19820.000000 0.969680
19830.000000 0.984957
19840.000000 0.971154
19850.000000 0.979662
19860.000000 0.966821
19870.000000 0.976719
19880.000000 0.976589
19890.000000 0.976912
19900.000000 0.995713
19910.000000 0.968826
19920.000000 0.980146
19930.000000 0.977828
19940.000000 0.980692
19950.000000 0.975165
19960.000000 0.976290
19970.000000 0.971172
19980.000000 0.969391
19990.000000 0.970717
20000.000000 0.985047
20010.000000 0.967909
20020.000000 0.968112
20030.000000 0.972223
20040.000000 0.968885
20050.000000 0.965815
20060.000000 0.966369
20070.000000 0.962685
20080.000000 0.984537
20090.000000 0.980720
20100.000000 0.970760
20110.000000 0.969031
20120.000000 0.976430
20130.000000 0.978283
20140.000000 0.976303
20150.000000 0.973995
20160.000000 0.998315
20170.000000 1.002776
20180.000000 0.970914
20190.000000 0.993042
20200.000000 0.991246
20210.000000 0.993628
20220.000000 0.988386
20230.000000 0.989392
20240.000000 0.991960
20250.000000 1.006378
20260.000000 1.012955
20270.000000 0.983722
20280.000000 1.003746
20290.000000 1.021447
20300.000000 1.019995
20310.000000 1.031821
20320.000000 1.023330
20330.000000 1.013046
20340.000000 1.049768
20350.000000 1.021323
20360.000000 1.034203
20370.000000 1.008611
20380.000000 0.991952
20390.000000 0.982329
20400.000000 1.002007
20410.000000 1.008677
20420.000000 0.988210
20430.000000 1.008289
20440.000000 1.016037
20450.000000 0.992059
20460.000000 1.047720
20470.000000 1.026817
20480.000000 1.011597
20490.000000 0.994118
20500.000000 1.012031
20510.000000 0.989310
20520.000000 1.004842
20530.000000 1.003675
20540.000000 0.989043
20550.000000 0.989749
20560.000000 0.986976
20570.000000 0.984427
20580.000000 0.997062
20590.000000 0.983092
20600.000000 0.969049
20610.000000 0.971726
20620.000000 0.980028
20630.000000 0.966651
20640.000000 0.952626
20650.000000 0.969077
20660.000000 0.945317
20670.000000 0.949925
20680.000000 0.954837
20690.000000 0.961541
20700.000000 0.960814
20710.000000 0.960260
20720.000000 0.965005
20730.000000 0.958110
20740.000000 0.948454
20750.000000 0.957835
20760.000000 0.970551
20770.000000 0.968919
20780.000000 0.954601
20790.000000 0.960192
20800.000000 0.966025
20810.000000 0.983298
20820.000000 0.982363
20830.000000 0.992638
20840.000000 1.011074
20850.000000 1.027006
20860.000000 1.012946
20870.000000 1.020712
20880.000000 1.032784
20890.000000 1.064589
20900.000000 1.060965
20910.000000 1.048100
20920.000000 1.023061
20930.000000 1.083581
20940.000000 1.042908
20950.000000 1.025940
20960.000000 1.031611
20970.000000 1.035629
20980.000000 1.013598
20990.000000 1.017146
21000.000000 1.019105
21010.000000 1.013602
21020.000000 1.000902
21030.000000 1.007176
21050.000000 0.986662
21060.000000 0.999871
21070.000000 0.981177
21080.000000 0.994247
21090.000000 0.976862
21100.000000 0.974402
21110.000000 0.984740
21120.000000 0.997235
21130.000000 0.988320
21150.000000 0.983328
21160.000000 0.989662
21170.000000 1.007761
21180.000000 1.063795
21190.000000 1.000767
21210.000000 0.975347
21220.000000 0.983226
21230.000000 0.974488
21240.000000 0.977986
21250.000000 0.980885
21260.000000 0.980421
21270.000000 0.955388
21280.000000 0.962276
21290.000000 0.979287
21300.000000 0.959622
21310.000000 0.947784
21320.000000 0.961133
21340.000000 0.955107
21350.000000 0.947837
21360.000000 0.957309
21370.000000 0.931348
21380.000000 0.967841
21390.000000 0.943852
21400.000000 0.963738
21410.000000 0.968739
21420.000000 0.972077
21430.000000 0.977490
21450.000000 0.959474
21460.000000 0.979448
21470.000000 0.974720
21480.000000 0.996142
21490.000000 0.968819
21500.000000 0.984261
21510.000000 0.970776
21520.000000 0.957331
21530.000000 0.988187
21540.000000 0.967427
21550.000000 0.979842
21560.000000 0.972960
21570.000000 1.004844
21580.000000 0.973051
21600.000000 0.980031
